target,prediction
0.0,0.3799346
0.0,0.5420071
1.0,0.52716684
0.0,0.15572545
1.0,0.6621758
1.0,0.5964098
1.0,0.3761608
0.0,0.5910016
0.0,0.32940397
0.0,0.40229988
1.0,0.44137365
1.0,0.6419785
0.0,0.40239346
1.0,0.64619887
1.0,0.41238886
0.0,0.45948586
0.0,0.54275
1.0,0.7948656
1.0,0.6165133
0.0,0.5794586
1.0,0.47371534
0.0,0.22974393
1.0,0.59521055
0.0,0.46101335
0.0,0.71817315
0.0,0.34426174
1.0,0.7414178
0.0,0.5227228
1.0,0.64497834
0.0,0.24057013
1.0,0.71802735
1.0,0.6338023
0.0,0.19310944
1.0,0.4060778
0.0,0.52057433
0.0,0.21298045
1.0,0.6429912
1.0,0.6658864
0.0,0.34616587
1.0,0.66562027
0.0,0.38617796
1.0,0.5057737
0.0,0.22037171
1.0,0.48357543
0.0,0.16612059
1.0,0.77025765
0.0,0.22308932
1.0,0.55532223
0.0,0.7225579
0.0,0.543456
1.0,0.39531
1.0,0.6001845
1.0,0.7356283
0.0,0.56127065
0.0,0.56156164
1.0,0.39764675
0.0,0.42915717
0.0,0.50978833
1.0,0.51366574
1.0,0.7204424
1.0,0.27450526
0.0,0.26153126
0.0,0.46641806
1.0,0.5886759
0.0,0.26237068
1.0,0.621049
0.0,0.4223687
0.0,0.46990633
0.0,0.3452437
0.0,0.25429097
0.0,0.5799276
0.0,0.34701082
0.0,0.26404172
0.0,0.45597884
0.0,0.5364307
0.0,0.39461482
0.0,0.36966053
0.0,0.4791491
0.0,0.60507834
1.0,0.62840337
0.0,0.32073092
1.0,0.5240667
0.0,0.31279495
0.0,0.2615707
1.0,0.21418
1.0,0.50322354
0.0,0.22608514
1.0,0.42058188
0.0,0.6508065
1.0,0.23830605
1.0,0.4422889
0.0,0.17955607
1.0,0.55280083
1.0,0.397352
0.0,0.29762816
0.0,0.52651954
0.0,0.5087998
1.0,0.7150205
1.0,0.5762204
1.0,0.43270752
0.0,0.49682108
1.0,0.5662835
0.0,0.7518513
1.0,0.38971904
0.0,0.50619274
1.0,0.51258194
0.0,0.37621847
0.0,0.6736568
0.0,0.4047702
0.0,0.19517364
1.0,0.627865
0.0,0.31299534
1.0,0.51052535
1.0,0.62326366
1.0,0.6407824
1.0,0.68529093
0.0,0.3084001
1.0,0.58258617
0.0,0.24288437
0.0,0.3507905
0.0,0.33955866
0.0,0.169883
0.0,0.48645437
0.0,0.24260625
0.0,0.4562304
1.0,0.46338785
0.0,0.2080833
0.0,0.1767882
1.0,0.4894401
0.0,0.5031984
0.0,0.15716779
1.0,0.64545447
0.0,0.5502422
0.0,0.5414454
1.0,0.52948695
0.0,0.2115453
0.0,0.22205335
1.0,0.56530875
1.0,0.5770235
1.0,0.5223639
1.0,0.4693297
1.0,0.54424745
1.0,0.55423534
0.0,0.20983577
0.0,0.40535557
0.0,0.7745877
1.0,0.25562632
0.0,0.37920338
0.0,0.27503368
1.0,0.3965745
0.0,0.4394766
1.0,0.53754205
0.0,0.22319794
1.0,0.3578917
0.0,0.5165243
1.0,0.47658333
0.0,0.55418223
1.0,0.6608226
0.0,0.45765603
0.0,0.27159888
0.0,0.44094366
1.0,0.44064975
1.0,0.6509657
1.0,0.650819
0.0,0.2705401
0.0,0.265456
0.0,0.275979
1.0,0.51366574
1.0,0.6318828
0.0,0.25896534
1.0,0.45432717
0.0,0.3887681
1.0,0.58939517
1.0,0.4349575
0.0,0.22888148
1.0,0.56127065
1.0,0.6426971
1.0,0.49683943
1.0,0.44967663
0.0,0.41028112
1.0,0.45634192
1.0,0.32349145
1.0,0.6012378
0.0,0.25664175
0.0,0.481851
0.0,0.4221488
1.0,0.6563981
1.0,0.5909299
0.0,0.18266907
0.0,0.4985358
1.0,0.749117
1.0,0.49001685
0.0,0.62938917
0.0,0.5365736
1.0,0.44120386
0.0,0.45855343
0.0,0.407847
1.0,0.58502316
1.0,0.45801815
0.0,0.27560294
0.0,0.16688527
0.0,0.42833903
1.0,0.8163418
1.0,0.42342073
0.0,0.47976926
0.0,0.67631835
0.0,0.6142311
0.0,0.28747374
0.0,0.64752775
1.0,0.412348
0.0,0.65257597
1.0,0.36690256
0.0,0.34770918
0.0,0.44752914
0.0,0.5864752
0.0,0.5434533
1.0,0.41002032
1.0,0.5349072
0.0,0.66297203
1.0,0.47034645
0.0,0.46285805
1.0,0.611643
0.0,0.44316944
1.0,0.5908937
0.0,0.6624351
1.0,0.76498204
0.0,0.48102397
1.0,0.24709682
1.0,0.6110417
1.0,0.43716368
0.0,0.22584194
1.0,0.4746024
0.0,0.16147132
1.0,0.7758747
0.0,0.59467286
1.0,0.70255554
0.0,0.28592893
0.0,0.6553718
0.0,0.6189912
1.0,0.6190967
0.0,0.27135396
1.0,0.24737649
0.0,0.7432181
1.0,0.5343636
1.0,0.2575777
0.0,0.80191344
0.0,0.5128885
1.0,0.4932653
1.0,0.5513871
0.0,0.16821253
0.0,0.45307577
1.0,0.45651782
0.0,0.4416564
0.0,0.48398846
0.0,0.3525948
1.0,0.7536737
0.0,0.16147132
0.0,0.54706246
0.0,0.49560985
0.0,0.7913916
0.0,0.64545447
1.0,0.32895002
0.0,0.6075739
1.0,0.46700945
0.0,0.24099894
0.0,0.47206053
1.0,0.6431107
0.0,0.5885198
0.0,0.16045845
0.0,0.53503513
0.0,0.28551295
1.0,0.6570096
0.0,0.41033003
1.0,0.68203956
1.0,0.22702809
0.0,0.570176
0.0,0.44118303
1.0,0.58975965
0.0,0.24583621
0.0,0.5184658
1.0,0.412348
1.0,0.5949827
0.0,0.44084644
1.0,0.70206475
1.0,0.6603587
0.0,0.20674679
0.0,0.402096
0.0,0.58013433
0.0,0.67957604
0.0,0.24388069
0.0,0.44685876
0.0,0.4544794
0.0,0.31254405
0.0,0.3065363
1.0,0.5648361
0.0,0.4010669
1.0,0.7739548
1.0,0.4192171
1.0,0.6295491
0.0,0.7074104
1.0,0.56864184
0.0,0.2867148
0.0,0.3045298
1.0,0.43348825
1.0,0.81225425
0.0,0.19268067
1.0,0.2730469
1.0,0.59631157
1.0,0.5856833
0.0,0.31224146
0.0,0.78125817
1.0,0.5495247
1.0,0.6297697
1.0,0.50229585
1.0,0.3382958
0.0,0.42913222
1.0,0.6465505
1.0,0.63784176
1.0,0.5333947
1.0,0.28638017
0.0,0.66826755
0.0,0.30697262
0.0,0.5909172
1.0,0.71512794
1.0,0.41465458
1.0,0.5975392
0.0,0.3376268
1.0,0.49881372
0.0,0.47580793
1.0,0.70633125
0.0,0.42084825
1.0,0.350858
0.0,0.543456
0.0,0.46839187
0.0,0.63431615
0.0,0.49345878
0.0,0.44734395
0.0,0.4892101
1.0,0.45943466
1.0,0.39557943
1.0,0.63671327
1.0,0.6326425
1.0,0.35892433
0.0,0.37665558
0.0,0.5721305
0.0,0.4577956
1.0,0.6592278
1.0,0.48551008
0.0,0.5811053
1.0,0.6535172
0.0,0.61501485
0.0,0.5617308
1.0,0.5720741
1.0,0.3038783
1.0,0.5222095
0.0,0.4218888
0.0,0.54424745
0.0,0.406075
1.0,0.73404
1.0,0.4729031
1.0,0.5752181
1.0,0.6608779
1.0,0.57042223
1.0,0.42526758
0.0,0.31326655
0.0,0.18994573
1.0,0.5991429
1.0,0.51551497
0.0,0.6628846
0.0,0.25044477
0.0,0.5770235
1.0,0.558589
0.0,0.43817404
1.0,0.5339733
0.0,0.40842724
0.0,0.4001418
1.0,0.7232491
0.0,0.27809092
1.0,0.37621847
1.0,0.22882074
0.0,0.5500426
0.0,0.46135268
1.0,0.55462927
1.0,0.71075034
0.0,0.28316188
0.0,0.7802137
0.0,0.3322652
1.0,0.5188521
0.0,0.24774511
0.0,0.62796086
0.0,0.5967881
1.0,0.4093178
1.0,0.4962842
0.0,0.412348
0.0,0.310619
0.0,0.18054476
0.0,0.47121716
1.0,0.5250851
0.0,0.49415657
1.0,0.584064
1.0,0.625725
0.0,0.6832544
1.0,0.6318828
1.0,0.22263493
1.0,0.2279771
1.0,0.38913822
1.0,0.5830395
0.0,0.43114167
0.0,0.41775095
1.0,0.5171937
0.0,0.6277683
1.0,0.512791
1.0,0.56724536
1.0,0.41856965
1.0,0.6701604
1.0,0.6907159
0.0,0.6229669
0.0,0.6957474
1.0,0.47224122
0.0,0.54796386
0.0,0.5231605
1.0,0.82949454
1.0,0.29729506
1.0,0.503898
0.0,0.4361733
1.0,0.81064385
0.0,0.6448932
0.0,0.1996555
1.0,0.7406202
0.0,0.6075521
0.0,0.41404593
0.0,0.63069516
1.0,0.5677741
0.0,0.44076398
1.0,0.60255116
1.0,0.58453965
0.0,0.5118128
1.0,0.7125945
1.0,0.40420786
1.0,0.67930275
0.0,0.23587497
0.0,0.71816176
1.0,0.51920354
1.0,0.6499297
0.0,0.38990492
0.0,0.4204446
0.0,0.6913639
0.0,0.24838129
1.0,0.75766385
0.0,0.7298204
1.0,0.6507374
1.0,0.73272574
0.0,0.5609232
1.0,0.53719723
0.0,0.6167558
1.0,0.6279076
0.0,0.5028331
1.0,0.62280244
1.0,0.55396265
0.0,0.6199565
0.0,0.37580043
1.0,0.43619758
1.0,0.5786079
1.0,0.60751057
1.0,0.57955647
0.0,0.4949613
1.0,0.64699286
1.0,0.53440404
0.0,0.6555205
1.0,0.49680075
1.0,0.68179464
1.0,0.76153594
0.0,0.6682988
0.0,0.4186581
0.0,0.6194587
0.0,0.47241473
1.0,0.15469821
1.0,0.7029631
0.0,0.6628846
1.0,0.6712379
0.0,0.21630946
0.0,0.38909334
1.0,0.3246454
1.0,0.7375845
1.0,0.4629794
0.0,0.5629298
0.0,0.5142457
0.0,0.34813115
0.0,0.30785176
1.0,0.48797747
1.0,0.5756976
1.0,0.5894322
1.0,0.32471249
0.0,0.37258944
0.0,0.5694777
1.0,0.69877154
1.0,0.4108496
1.0,0.49071276
0.0,0.23018566
1.0,0.40563834
0.0,0.3191365
0.0,0.63033456
0.0,0.6827952
0.0,0.46713513
0.0,0.5557259
1.0,0.52651954
0.0,0.6653423
1.0,0.5199044
1.0,0.35318297
1.0,0.46285805
1.0,0.693956
1.0,0.78481203
1.0,0.6318828
1.0,0.6331007
0.0,0.41264555
1.0,0.61001885
1.0,0.56384164
1.0,0.34322825
1.0,0.3292208
1.0,0.66047686
0.0,0.4171222
1.0,0.8268331
1.0,0.51697505
0.0,0.37062666
0.0,0.160903
0.0,0.4507963
1.0,0.38088638
1.0,0.65130705
1.0,0.5325047
1.0,0.7311778
0.0,0.44277996
0.0,0.19294319
1.0,0.6189912
0.0,0.37180856
1.0,0.33269063
0.0,0.42452437
0.0,0.567213
1.0,0.3708424
0.0,0.26714897
1.0,0.49487293
1.0,0.56708443
0.0,0.468872
1.0,0.5585075
0.0,0.39289168
1.0,0.54324144
0.0,0.6705345
1.0,0.27088922
0.0,0.21618131
0.0,0.5279626
0.0,0.49415657
1.0,0.68653893
0.0,0.39141223
0.0,0.5285455
1.0,0.49737033
0.0,0.37224948
1.0,0.49903032
1.0,0.2780109
0.0,0.34399876
0.0,0.6868404
0.0,0.42312992
1.0,0.7017846
0.0,0.60821956
0.0,0.49954146
1.0,0.41485518
1.0,0.62061113
0.0,0.4562193
1.0,0.5370667
1.0,0.4677549
0.0,0.28386986
1.0,0.4054371
0.0,0.6496238
1.0,0.6046584
0.0,0.53295785
1.0,0.53460217
1.0,0.4749903
0.0,0.16013272
0.0,0.56112343
0.0,0.5082229
0.0,0.21572508
0.0,0.4001418
0.0,0.48091146
1.0,0.6232726
0.0,0.61917514
0.0,0.24492046
0.0,0.64137703
0.0,0.3842324
0.0,0.61309755
0.0,0.38005143
0.0,0.6629069
0.0,0.19969961
0.0,0.20547932
0.0,0.2303194
0.0,0.54103905
0.0,0.5512847
0.0,0.45957235
0.0,0.38372943
1.0,0.8056584
0.0,0.18864545
0.0,0.39826003
0.0,0.543456
0.0,0.45854336
1.0,0.43640402
1.0,0.5750815
0.0,0.24828586
0.0,0.28841966
1.0,0.47370955
0.0,0.5810433
0.0,0.7925116
1.0,0.8111362
0.0,0.5205356
1.0,0.51784956
0.0,0.15580875
1.0,0.6264554
1.0,0.4432669
1.0,0.690726
0.0,0.38567206
0.0,0.35458544
0.0,0.25045103
0.0,0.54471165
1.0,0.57115096
1.0,0.533054
0.0,0.23706597
1.0,0.6996242
0.0,0.41821662
1.0,0.75118464
0.0,0.20941131
1.0,0.58052063
1.0,0.5715129
1.0,0.42484102
1.0,0.7140656
0.0,0.47369692
0.0,0.6416467
1.0,0.49377063
0.0,0.8065183
0.0,0.25450557
0.0,0.34322825
1.0,0.6567591
0.0,0.5836802
0.0,0.5803797
0.0,0.515886
1.0,0.6566453
0.0,0.42342073
1.0,0.5591198
1.0,0.8257349
0.0,0.4540679
1.0,0.40584764
0.0,0.15692191
1.0,0.42484102
1.0,0.6419428
1.0,0.6649508
1.0,0.55180025
1.0,0.49377063
1.0,0.44314298
1.0,0.65422076
1.0,0.78116906
1.0,0.52576333
1.0,0.6050809
0.0,0.4314879
0.0,0.21079537
1.0,0.5104785
1.0,0.38131818
0.0,0.8638614
0.0,0.32571495
1.0,0.49026632
0.0,0.56896394
1.0,0.6119499
1.0,0.6584561
0.0,0.7995073
0.0,0.38087338
0.0,0.48645437
1.0,0.389798
0.0,0.5730489
1.0,0.5880753
0.0,0.5151996
1.0,0.60130876
1.0,0.78321844
0.0,0.49770147
1.0,0.63080364
1.0,0.6614616
0.0,0.7828414
1.0,0.3885605
0.0,0.24759524
1.0,0.6253505
1.0,0.44560108
0.0,0.4408428
1.0,0.57169116
1.0,0.64788747
0.0,0.19876453
1.0,0.5632924
0.0,0.19445921
1.0,0.46539506
1.0,0.5896184
0.0,0.18402264
0.0,0.63397884
0.0,0.24328147
0.0,0.21306297
1.0,0.6911315
0.0,0.39787847
0.0,0.44277996
0.0,0.2092646
0.0,0.6721626
1.0,0.4276227
1.0,0.50724113
0.0,0.4091667
1.0,0.5662793
1.0,0.5396404
0.0,0.48805344
1.0,0.3976325
0.0,0.4572657
0.0,0.5955007
0.0,0.5901409
0.0,0.26538286
0.0,0.42395854
0.0,0.50699276
1.0,0.48451248
1.0,0.56844246
1.0,0.48615655
1.0,0.29542106
0.0,0.21138164
0.0,0.23310694
1.0,0.5665103
1.0,0.567213
0.0,0.640834
1.0,0.6892009
1.0,0.5728668
0.0,0.4148576
0.0,0.5576186
1.0,0.623681
0.0,0.61017376
0.0,0.6315328
1.0,0.26208198
1.0,0.71440387
1.0,0.5716968
0.0,0.4527458
0.0,0.3575529
1.0,0.52467424
0.0,0.49137175
0.0,0.34158334
1.0,0.18291058
1.0,0.29103464
0.0,0.5709308
1.0,0.6399085
1.0,0.8033526
0.0,0.5354027
1.0,0.6812933
1.0,0.16985519
1.0,0.54284245
0.0,0.58653766
0.0,0.47168127
0.0,0.17247096
0.0,0.700322
0.0,0.48828515
0.0,0.55305916
0.0,0.47865483
0.0,0.20434943
1.0,0.7051242
0.0,0.41238886
1.0,0.43646038
1.0,0.79361635
1.0,0.23565571
1.0,0.61446273
1.0,0.494241
0.0,0.23297687
1.0,0.7412416
1.0,0.8031953
1.0,0.5836802
0.0,0.2206958
0.0,0.80037534
1.0,0.46899343
1.0,0.6421181
1.0,0.76509047
1.0,0.54065186
1.0,0.5796899
1.0,0.50771534
0.0,0.64778477
1.0,0.44406155
1.0,0.56134295
0.0,0.44007632
0.0,0.27716088
0.0,0.5007353
0.0,0.63758934
0.0,0.20096798
0.0,0.33101425
1.0,0.6186758
0.0,0.6893411
0.0,0.4139836
1.0,0.56941754
1.0,0.47232366
1.0,0.5084787
0.0,0.28386986
1.0,0.6993077
0.0,0.20231959
1.0,0.6099344
1.0,0.35326144
0.0,0.3194022
0.0,0.29307786
0.0,0.40475252
0.0,0.20215079
0.0,0.75353986
1.0,0.5647319
0.0,0.5172708
0.0,0.2697701
0.0,0.62129146
0.0,0.6078787
0.0,0.5584856
0.0,0.50404835
1.0,0.51027346
1.0,0.6799399
0.0,0.46583772
1.0,0.5938105
1.0,0.7237642
0.0,0.6177899
0.0,0.6232817
0.0,0.17840262
0.0,0.5081071
0.0,0.60361636
1.0,0.44445962
0.0,0.38431025
0.0,0.5075165
0.0,0.4329015
1.0,0.6201834
0.0,0.49557045
1.0,0.7249421
0.0,0.34405965
1.0,0.29439196
1.0,0.5047687
0.0,0.40938595
1.0,0.370165
1.0,0.78668
0.0,0.4192171
1.0,0.79104066
0.0,0.4037258
1.0,0.80453455
1.0,0.70623416
0.0,0.5380987
0.0,0.41498694
0.0,0.20668226
0.0,0.19721489
1.0,0.49953812
1.0,0.8659203
1.0,0.3028849
1.0,0.5855482
0.0,0.36695364
1.0,0.44636932
0.0,0.20730673
1.0,0.6484277
1.0,0.46529958
0.0,0.34794584
0.0,0.62210584
1.0,0.3720659
1.0,0.463064
0.0,0.5194784
1.0,0.5407756
1.0,0.6318828
0.0,0.2353633
0.0,0.53471446
1.0,0.6216239
1.0,0.77259433
1.0,0.7141956
0.0,0.30011576
0.0,0.40778995
1.0,0.5726205
0.0,0.49839938
0.0,0.7457661
0.0,0.5655197
1.0,0.31056428
0.0,0.4939038
0.0,0.385402
0.0,0.20391357
1.0,0.40180582
1.0,0.42003348
0.0,0.53956765
0.0,0.585521
0.0,0.2982366
0.0,0.26383665
0.0,0.31590268
0.0,0.4349575
1.0,0.5328427
1.0,0.6799749
1.0,0.5820605
1.0,0.43860635
0.0,0.30383268
0.0,0.40065306
0.0,0.37105393
1.0,0.27554354
0.0,0.7197486
1.0,0.60167605
1.0,0.5116901
1.0,0.19050567
1.0,0.6060231
1.0,0.27944002
1.0,0.54698485
1.0,0.19122367
0.0,0.6621274
0.0,0.53142357
0.0,0.20023079
1.0,0.29190132
1.0,0.51777357
1.0,0.4642967
1.0,0.6839924
1.0,0.68305165
0.0,0.4220352
0.0,0.26853845
1.0,0.52073324
0.0,0.4579692
0.0,0.6045624
0.0,0.5242065
0.0,0.71095663
1.0,0.1844474
0.0,0.42244112
0.0,0.24836937
0.0,0.17840262
1.0,0.7450346
0.0,0.60428
0.0,0.4223687
0.0,0.16827771
0.0,0.3187825
1.0,0.62129146
1.0,0.5902841
0.0,0.37648478
1.0,0.40159684
0.0,0.5202288
1.0,0.36179242
1.0,0.5789222
1.0,0.5581251
0.0,0.35177493
0.0,0.55416125
0.0,0.33922115
0.0,0.60782725
1.0,0.4006882
0.0,0.51660824
1.0,0.439012
1.0,0.69855064
0.0,0.4419373
1.0,0.5801587
0.0,0.6665078
1.0,0.56386435
1.0,0.5114676
1.0,0.37801275
1.0,0.4044134
0.0,0.63825244
1.0,0.792374
1.0,0.7181529
1.0,0.56052834
0.0,0.52195823
0.0,0.5620677
1.0,0.4088116
1.0,0.7602587
0.0,0.5238571
1.0,0.829527
1.0,0.62970793
1.0,0.60821956
1.0,0.6799749
0.0,0.2016566
0.0,0.28920236
1.0,0.60765713
1.0,0.6563364
1.0,0.4427292
0.0,0.23940726
1.0,0.6588685
0.0,0.37975475
0.0,0.6931419
0.0,0.60480237
0.0,0.50434476
1.0,0.790155
0.0,0.16762595
0.0,0.510554
1.0,0.6298509
0.0,0.2793312
0.0,0.63158166
0.0,0.5342146
0.0,0.50092655
1.0,0.5775922
1.0,0.5357428
0.0,0.7232465
1.0,0.790155
0.0,0.38376707
1.0,0.6882082
0.0,0.49094722
1.0,0.627124
1.0,0.40610132
0.0,0.71917313
0.0,0.27991927
0.0,0.55752605
1.0,0.3029383
0.0,0.7551756
1.0,0.4610015
0.0,0.57711065
1.0,0.3385618
0.0,0.19934273
0.0,0.6804876
1.0,0.6556174
1.0,0.36140925
1.0,0.4687154
1.0,0.4185025
1.0,0.42052233
0.0,0.5562496
0.0,0.2491177
1.0,0.49881372
0.0,0.42614657
0.0,0.3799346
0.0,0.26593328
1.0,0.3187043
1.0,0.6324622
0.0,0.22782221
1.0,0.25099754
1.0,0.62445736
1.0,0.790155
1.0,0.50978833
1.0,0.54741067
1.0,0.7322731
0.0,0.8180339
1.0,0.7139186
0.0,0.18090111
0.0,0.4222682
1.0,0.4093178
0.0,0.23441559
0.0,0.47533938
1.0,0.57372236
1.0,0.4697962
0.0,0.6012052
0.0,0.42325562
1.0,0.34500417
1.0,0.59166
1.0,0.35963085
0.0,0.5301391
0.0,0.39469004
0.0,0.22737816
1.0,0.7395422
1.0,0.50984997
1.0,0.7311271
1.0,0.61215067
1.0,0.4349575
0.0,0.3038783
0.0,0.2835987
0.0,0.5673426
0.0,0.5449313
0.0,0.31505007
0.0,0.1667808
0.0,0.73309064
0.0,0.4150297
1.0,0.7820861
1.0,0.432478
1.0,0.37055486
0.0,0.5393741
0.0,0.42016965
1.0,0.44068158
1.0,0.71577656
0.0,0.3859863
0.0,0.51027346
1.0,0.5464547
1.0,0.37647983
1.0,0.57489747
1.0,0.6555531
1.0,0.61743355
1.0,0.45282385
0.0,0.63066185
1.0,0.5477728
0.0,0.44277996
0.0,0.16159362
0.0,0.2016566
1.0,0.36487553
1.0,0.74518234
0.0,0.16848136
1.0,0.19385879
1.0,0.61102265
1.0,0.505894
1.0,0.4703416
1.0,0.6488263
1.0,0.49317896
1.0,0.51084286
0.0,0.18206473
1.0,0.5818795
0.0,0.77931076
0.0,0.80857766
1.0,0.2083804
1.0,0.43812338
1.0,0.60881263
1.0,0.31791264
0.0,0.24416792
1.0,0.7287158
1.0,0.65105295
0.0,0.5568876
0.0,0.17147641
1.0,0.5829995
0.0,0.604488
0.0,0.37328878
1.0,0.5039483
1.0,0.7807453
1.0,0.7683947
1.0,0.44794625
0.0,0.55819887
1.0,0.44956365
0.0,0.6795678
0.0,0.44075474
1.0,0.7262056
1.0,0.7278777
0.0,0.4701832
1.0,0.16419472
0.0,0.34194815
0.0,0.36085635
0.0,0.6135949
1.0,0.4055735
0.0,0.43332043
0.0,0.5750815
0.0,0.44277996
0.0,0.6090268
1.0,0.71305287
0.0,0.400566
0.0,0.40322286
1.0,0.54844135
1.0,0.4734296
1.0,0.7091094
1.0,0.6012252
0.0,0.64323586
1.0,0.41262928
0.0,0.2146813
0.0,0.48089206
0.0,0.25129887
1.0,0.63505304
1.0,0.51844877
1.0,0.4967541
1.0,0.54387736
0.0,0.65333426
0.0,0.73151857
0.0,0.3732851
1.0,0.23168737
0.0,0.2695315
1.0,0.32085866
0.0,0.26453763
0.0,0.34571654
0.0,0.20245591
0.0,0.23594926
0.0,0.44277996
1.0,0.77263176
0.0,0.17180315
1.0,0.59421486
0.0,0.33745798
1.0,0.7202332
0.0,0.5195823
0.0,0.4531935
1.0,0.1848331
1.0,0.4238868
0.0,0.297612
0.0,0.62122124
1.0,0.52630925
1.0,0.5726621
1.0,0.7710069
0.0,0.18839194
1.0,0.5880753
1.0,0.5199044
0.0,0.23433584
1.0,0.3646649
0.0,0.1429143
1.0,0.79480803
1.0,0.67231953
1.0,0.5546648
0.0,0.48254564
1.0,0.5974855
0.0,0.169629
0.0,0.6630546
0.0,0.37987208
1.0,0.6318828
0.0,0.6133285
0.0,0.28480738
0.0,0.64226925
0.0,0.27613333
1.0,0.4236489
1.0,0.69132143
0.0,0.2535224
1.0,0.5861411
1.0,0.82667845
1.0,0.48840877
1.0,0.590533
0.0,0.44539657
1.0,0.5988666
0.0,0.36306542
1.0,0.41717198
0.0,0.2785529
1.0,0.62709665
1.0,0.46252063
0.0,0.54486173
1.0,0.3729474
1.0,0.6708366
0.0,0.49515307
1.0,0.46797603
1.0,0.625464
0.0,0.15692191
0.0,0.22507025
1.0,0.63130295
0.0,0.21824518
0.0,0.41079935
1.0,0.4598537
0.0,0.7499149
1.0,0.17272058
0.0,0.55532223
0.0,0.4505518
0.0,0.44031626
1.0,0.57889396
0.0,0.53035027
0.0,0.2631295
1.0,0.17932437
0.0,0.31819832
0.0,0.38476574
1.0,0.33347178
0.0,0.6153163
0.0,0.23657899
0.0,0.6234613
0.0,0.6318876
0.0,0.6420258
1.0,0.68978786
1.0,0.1980036
0.0,0.44583687
0.0,0.71440387
0.0,0.649274
0.0,0.45290694
0.0,0.25666243
1.0,0.51102424
0.0,0.44028258
1.0,0.5463478
1.0,0.40159684
0.0,0.4531935
1.0,0.41224632
1.0,0.38900456
1.0,0.64267355
0.0,0.45078838
0.0,0.30205348
0.0,0.22471827
0.0,0.5890849
1.0,0.56712556
0.0,0.249497
0.0,0.5092266
0.0,0.5677741
1.0,0.752375
1.0,0.46517557
0.0,0.3972297
0.0,0.5879317
1.0,0.48503655
0.0,0.3561682
0.0,0.40806758
0.0,0.4703921
0.0,0.4113659
0.0,0.2982366
0.0,0.17929712
0.0,0.52255803
0.0,0.60319155
1.0,0.2602971
1.0,0.5926718
0.0,0.550246
1.0,0.36048558
0.0,0.57355076
1.0,0.61717606
0.0,0.59391725
0.0,0.289159
0.0,0.32419294
0.0,0.5548717
0.0,0.40114647
1.0,0.25124565
0.0,0.4992769
0.0,0.30785176
1.0,0.74636114
0.0,0.522259
0.0,0.22298262
0.0,0.7481783
0.0,0.38717023
1.0,0.3981169
1.0,0.42661276
0.0,0.5730489
1.0,0.62445736
1.0,0.5222095
0.0,0.21945935
1.0,0.54051155
0.0,0.54505867
1.0,0.6077712
1.0,0.55109614
1.0,0.6090489
0.0,0.44277996
1.0,0.64851993
1.0,0.6220032
0.0,0.44872046
1.0,0.30034038
1.0,0.57340527
0.0,0.6023367
0.0,0.4927481
1.0,0.29647177
1.0,0.43310553
0.0,0.13056053
0.0,0.3755503
1.0,0.6412993
0.0,0.5523249
1.0,0.3366785
1.0,0.60738504
1.0,0.61497533
1.0,0.7365129
1.0,0.44277996
0.0,0.30705908
1.0,0.60082406
1.0,0.7064448
1.0,0.60650235
1.0,0.4704649
0.0,0.3808225
1.0,0.6629069
1.0,0.5967821
1.0,0.4223092
0.0,0.4327094
0.0,0.412348
1.0,0.6606063
0.0,0.24373919
0.0,0.15413302
0.0,0.35023403
1.0,0.78278226
1.0,0.41085875
0.0,0.54284245
1.0,0.48181206
1.0,0.6702665
1.0,0.6874912
1.0,0.39777082
1.0,0.37992457
0.0,0.34531718
1.0,0.24947251
1.0,0.6101684
0.0,0.1927536
1.0,0.36016026
1.0,0.7833379
0.0,0.8218622
1.0,0.8016286
0.0,0.5796777
0.0,0.55478156
1.0,0.56712556
1.0,0.74900997
0.0,0.34060052
0.0,0.52877283
0.0,0.5730489
0.0,0.5629671
1.0,0.67352045
1.0,0.7608338
0.0,0.3077205
1.0,0.5562496
1.0,0.53144354
1.0,0.78378165
0.0,0.5541696
1.0,0.69692886
0.0,0.42596713
0.0,0.42710707
0.0,0.26110956
0.0,0.5057616
1.0,0.7950357
1.0,0.7100432
0.0,0.20129375
1.0,0.73272574
0.0,0.32592645
0.0,0.5879317
0.0,0.4124737
1.0,0.6982861
0.0,0.32985848
1.0,0.47735685
0.0,0.5693164
1.0,0.629003
1.0,0.7298418
0.0,0.6081642
0.0,0.23012806
0.0,0.47215316
1.0,0.2968429
0.0,0.3993342
1.0,0.37677157
1.0,0.4243894
1.0,0.4949412
0.0,0.5623446
0.0,0.54677665
0.0,0.69380236
0.0,0.64998513
1.0,0.59437704
1.0,0.44017968
0.0,0.31133315
0.0,0.19758894
1.0,0.5878401
0.0,0.50633043
0.0,0.4006882
0.0,0.5289323
1.0,0.6236481
0.0,0.6632652
0.0,0.6509702
0.0,0.48654693
0.0,0.43130162
0.0,0.6482333
1.0,0.6739722
0.0,0.7400789
0.0,0.45466465
0.0,0.21646908
0.0,0.67535466
0.0,0.71033734
1.0,0.468872
1.0,0.32627687
0.0,0.32192314
1.0,0.56127065
0.0,0.42895317
1.0,0.2593315
1.0,0.6121625
1.0,0.5086736
0.0,0.20391357
0.0,0.21705055
0.0,0.26646337
1.0,0.36473104
1.0,0.50259155
1.0,0.60638696
0.0,0.40808934
0.0,0.5854627
1.0,0.5523249
1.0,0.53289825
1.0,0.39335418
0.0,0.15572545
1.0,0.54698485
1.0,0.6194587
0.0,0.3203109
0.0,0.67976654
0.0,0.40319377
1.0,0.5105278
0.0,0.47555
1.0,0.15126981
0.0,0.29595625
0.0,0.23364425
0.0,0.3799346
1.0,0.5934846
1.0,0.70944107
0.0,0.49881372
0.0,0.5082702
0.0,0.2628671
1.0,0.6612147
0.0,0.45843866
1.0,0.4223687
0.0,0.7161108
1.0,0.778023
1.0,0.46643412
0.0,0.6474175
0.0,0.40528107
0.0,0.52897584
1.0,0.51728827
1.0,0.59761274
0.0,0.5851845
0.0,0.25189823
1.0,0.72475386
1.0,0.8012662
1.0,0.6506989
0.0,0.32901552
1.0,0.4212447
0.0,0.3197148
0.0,0.25000203
1.0,0.36858737
1.0,0.1935154
1.0,0.63591
1.0,0.45056295
1.0,0.26509914
1.0,0.43855688
0.0,0.4047702
0.0,0.2671299
0.0,0.5247705
1.0,0.6541804
0.0,0.42342073
1.0,0.6960031
0.0,0.46215495
0.0,0.22236261
0.0,0.22527404
0.0,0.5955007
0.0,0.8047516
1.0,0.5493299
0.0,0.5689267
1.0,0.37992457
0.0,0.2683771
1.0,0.67391306
1.0,0.6289088
1.0,0.5796297
0.0,0.27084166
1.0,0.358204
0.0,0.26011539
0.0,0.64545447
1.0,0.36878955
0.0,0.6169571
0.0,0.80580693
0.0,0.39588168
1.0,0.43182197
1.0,0.5619662
0.0,0.64898396
1.0,0.65200526
1.0,0.34753132
0.0,0.45322287
0.0,0.58310765
0.0,0.19605951
0.0,0.5195823
1.0,0.61717606
1.0,0.67212963
0.0,0.24341753
0.0,0.24343982
0.0,0.6031507
0.0,0.60967547
1.0,0.8281296
0.0,0.22581246
0.0,0.70866156
1.0,0.6059984
0.0,0.7105968
0.0,0.51670927
0.0,0.15946367
0.0,0.39970055
1.0,0.64427143
0.0,0.41764888
0.0,0.37665558
1.0,0.38180315
1.0,0.44515455
1.0,0.48680606
1.0,0.71414745
1.0,0.4725018
1.0,0.48823956
0.0,0.22424488
1.0,0.6194893
0.0,0.4137701
0.0,0.5262243
0.0,0.59290487
0.0,0.39162222
1.0,0.6216239
0.0,0.28328106
0.0,0.22047013
1.0,0.46227017
1.0,0.7190422
1.0,0.66642773
1.0,0.6489433
0.0,0.22304139
0.0,0.22009633
0.0,0.23124507
0.0,0.24854687
1.0,0.56366
1.0,0.7105689
0.0,0.19043699
1.0,0.44531798
1.0,0.40325195
1.0,0.7434318
1.0,0.23432118
1.0,0.3273926
1.0,0.5372083
1.0,0.29078466
1.0,0.3305263
1.0,0.40672582
1.0,0.6570096
0.0,0.6030034
0.0,0.20878524
0.0,0.31267694
1.0,0.6080537
1.0,0.76767844
0.0,0.6500348
1.0,0.6858292
1.0,0.7761818
0.0,0.3341453
1.0,0.7088758
1.0,0.5756307
0.0,0.6730129
0.0,0.58142966
0.0,0.25758344
1.0,0.33076337
1.0,0.14921798
0.0,0.7604005
1.0,0.51567227
0.0,0.5507206
1.0,0.6342046
1.0,0.46529958
0.0,0.14623097
1.0,0.35547313
1.0,0.62981576
0.0,0.5156925
1.0,0.59693784
1.0,0.473559
1.0,0.5907193
0.0,0.46583772
1.0,0.74017566
1.0,0.5493457
0.0,0.2356446
1.0,0.5333578
1.0,0.29012007
1.0,0.6167018
1.0,0.2496754
1.0,0.20918591
1.0,0.77314276
0.0,0.5157113
1.0,0.5007599
1.0,0.38193265
0.0,0.4352542
0.0,0.32551137
1.0,0.5173902
0.0,0.19992334
0.0,0.5718618
0.0,0.20712943
0.0,0.46638045
0.0,0.49483773
0.0,0.7930954
0.0,0.51734936
1.0,0.742586
1.0,0.53619164
1.0,0.58380383
1.0,0.33153865
1.0,0.60639995
1.0,0.5142853
0.0,0.22021852
0.0,0.21212445
0.0,0.5832264
1.0,0.22648238
0.0,0.81668484
0.0,0.6712331
1.0,0.6712957
0.0,0.6693958
1.0,0.43576235
0.0,0.71522844
1.0,0.64652985
0.0,0.20945129
0.0,0.56259316
0.0,0.28034854
0.0,0.58535725
1.0,0.46285805
0.0,0.40545106
1.0,0.7001104
0.0,0.5757527
0.0,0.2454987
1.0,0.5289521
0.0,0.3634261
1.0,0.69399315
1.0,0.50813764
1.0,0.6602826
1.0,0.61279
1.0,0.6731302
1.0,0.49053627
0.0,0.18772712
1.0,0.58022326
0.0,0.42751706
0.0,0.6094302
1.0,0.41363937
0.0,0.35666567
1.0,0.6132124
0.0,0.26192603
0.0,0.19017519
1.0,0.22720432
0.0,0.87743556
1.0,0.25607696
0.0,0.45921424
1.0,0.55519074
0.0,0.5395078
1.0,0.32895002
1.0,0.557886
0.0,0.43864685
1.0,0.6068404
0.0,0.24102707
1.0,0.49903032
0.0,0.5934846
0.0,0.44853392
0.0,0.682032
1.0,0.42058188
0.0,0.23078108
1.0,0.31017986
1.0,0.45562953
1.0,0.7334505
0.0,0.30932564
0.0,0.43219465
1.0,0.59645146
1.0,0.49400315
0.0,0.56296116
0.0,0.4958526
0.0,0.623058
1.0,0.5270102
0.0,0.31056428
0.0,0.42543352
0.0,0.3732851
0.0,0.70331526
0.0,0.4407131
0.0,0.49400315
0.0,0.54459125
0.0,0.24967398
1.0,0.5493282
0.0,0.42243212
0.0,0.37621847
0.0,0.35326144
0.0,0.20732217
1.0,0.538415
1.0,0.5855085
1.0,0.22841023
1.0,0.36049324
0.0,0.43179983
1.0,0.7312754
0.0,0.6534537
0.0,0.26746503
0.0,0.5576186
1.0,0.7537056
0.0,0.6516628
0.0,0.56396466
0.0,0.59163314
1.0,0.4040847
0.0,0.37414935
0.0,0.22205335
0.0,0.17060237
0.0,0.2090155
1.0,0.79118353
0.0,0.5886524
1.0,0.5618275
1.0,0.54923904
1.0,0.28577217
0.0,0.6110426
1.0,0.2862866
1.0,0.21136844
1.0,0.66432035
0.0,0.44901636
1.0,0.2153362
0.0,0.45525417
1.0,0.6262398
0.0,0.37741938
1.0,0.5890028
0.0,0.24773768
1.0,0.41943762
0.0,0.3756536
1.0,0.5553917
1.0,0.5880753
1.0,0.878174
1.0,0.64633054
1.0,0.42386582
1.0,0.43639705
0.0,0.26637888
1.0,0.37992457
1.0,0.6095354
1.0,0.64468426
1.0,0.45056295
1.0,0.56345904
0.0,0.42170897
1.0,0.57514185
0.0,0.20726967
0.0,0.48924452
1.0,0.6318828
0.0,0.6024411
0.0,0.17013773
1.0,0.52195823
1.0,0.6021182
1.0,0.7508481
1.0,0.6185655
1.0,0.5294518
1.0,0.3725457
0.0,0.26336062
1.0,0.7095897
1.0,0.6990402
0.0,0.563451
1.0,0.45075873
1.0,0.82500255
1.0,0.5693814
0.0,0.22377507
0.0,0.2146813
1.0,0.73580176
1.0,0.61957186
1.0,0.45237955
0.0,0.6230065
1.0,0.6123089
1.0,0.5797877
0.0,0.41546848
1.0,0.5692083
0.0,0.7487085
1.0,0.5711975
0.0,0.23302051
1.0,0.45621264
0.0,0.17221156
0.0,0.43348458
0.0,0.47977453
0.0,0.3834141
1.0,0.50699276
1.0,0.36461625
0.0,0.5616786
1.0,0.7873321
0.0,0.46281648
1.0,0.4647938
1.0,0.59150505
0.0,0.58737946
1.0,0.54698616
0.0,0.4722585
1.0,0.44779623
1.0,0.6020695
0.0,0.52385837
1.0,0.56005013
1.0,0.23818584
1.0,0.4046727
1.0,0.6381763
1.0,0.86467284
0.0,0.63510394
1.0,0.44344124
1.0,0.45237955
0.0,0.60555494
0.0,0.606251
0.0,0.3489922
0.0,0.18537442
1.0,0.4001418
0.0,0.5125471
1.0,0.29341295
0.0,0.24248709
1.0,0.5665349
0.0,0.54580414
0.0,0.54727334
1.0,0.5985638
1.0,0.6201646
0.0,0.48907772
0.0,0.48320037
1.0,0.28509265
1.0,0.81392074
1.0,0.5711734
0.0,0.2749744
0.0,0.21123965
0.0,0.59319514
0.0,0.20890811
0.0,0.16821676
1.0,0.5747195
0.0,0.4811597
0.0,0.19427565
0.0,0.6022231
1.0,0.7807806
0.0,0.40274677
0.0,0.39817813
1.0,0.37072015
0.0,0.5770235
0.0,0.44388285
0.0,0.50137305
1.0,0.7485571
0.0,0.57280546
0.0,0.48645437
1.0,0.38171464
1.0,0.26184866
0.0,0.3270103
0.0,0.37251478
1.0,0.53966063
1.0,0.75683534
1.0,0.6353004
0.0,0.4497258
0.0,0.38257447
0.0,0.6378719
1.0,0.5865289
1.0,0.39939815
1.0,0.4643081
0.0,0.621049
0.0,0.44431102
1.0,0.7178232
0.0,0.23312195
0.0,0.31056428
1.0,0.5637115
0.0,0.24554308
0.0,0.44368047
1.0,0.5917407
1.0,0.3865872
1.0,0.7051336
1.0,0.5010898
1.0,0.29914233
1.0,0.45123535
1.0,0.5362199
1.0,0.4406734
0.0,0.14921798
0.0,0.6825847
0.0,0.7969146
1.0,0.5504688
0.0,0.44205794
1.0,0.6430865
0.0,0.27995554
0.0,0.27675232
0.0,0.50615466
0.0,0.46637636
1.0,0.6185655
0.0,0.5773934
0.0,0.43751964
1.0,0.6274723
0.0,0.39767465
1.0,0.24801944
1.0,0.60045755
1.0,0.6566323
1.0,0.70672923
0.0,0.2640916
0.0,0.6141179
0.0,0.49881372
0.0,0.43195492
0.0,0.4267318
1.0,0.27329934
0.0,0.64239556
0.0,0.18878579
1.0,0.45134774
0.0,0.64059985
1.0,0.50497544
0.0,0.3245033
0.0,0.49445045
1.0,0.58291125
0.0,0.2334086
1.0,0.5550296
0.0,0.3987838
1.0,0.5507206
1.0,0.67319006
0.0,0.5420377
0.0,0.23829907
1.0,0.76563054
1.0,0.51090693
0.0,0.14118724
1.0,0.5420377
0.0,0.6322162
1.0,0.80281657
0.0,0.3692227
1.0,0.22125532
1.0,0.44639936
1.0,0.6518178
0.0,0.46338785
1.0,0.60207564
0.0,0.61804825
0.0,0.37963715
0.0,0.14921798
0.0,0.4081617
1.0,0.473559
1.0,0.338175
1.0,0.57442856
0.0,0.15067673
0.0,0.28552002
1.0,0.56712556
0.0,0.65218186
1.0,0.407617
1.0,0.3546597
1.0,0.64110655
0.0,0.58558
0.0,0.22688085
0.0,0.26162958
0.0,0.5878201
0.0,0.44248512
1.0,0.6271378
1.0,0.7435397
0.0,0.23159057
0.0,0.39353138
0.0,0.49049428
1.0,0.6724983
1.0,0.56127065
0.0,0.5418164
0.0,0.22112545
1.0,0.42590284
0.0,0.20651054
0.0,0.6261831
0.0,0.4617388
1.0,0.650422
1.0,0.3017379
1.0,0.55433226
0.0,0.5381526
1.0,0.68366706
0.0,0.5576186
0.0,0.20007823
1.0,0.3725913
1.0,0.70128524
1.0,0.5730489
0.0,0.51001734
1.0,0.44712773
0.0,0.4713057
0.0,0.47601107
0.0,0.3887681
1.0,0.52095824
0.0,0.5787285
1.0,0.7251473
0.0,0.43546334
0.0,0.6318828
0.0,0.52195823
1.0,0.7298204
0.0,0.54095435
1.0,0.4671438
1.0,0.56127065
0.0,0.8442571
0.0,0.51798373
1.0,0.5316198
1.0,0.38060126
0.0,0.18558358
1.0,0.47842214
1.0,0.61508286
0.0,0.44749534
0.0,0.4949412
0.0,0.70806044
0.0,0.56712556
0.0,0.3600277
1.0,0.60622805
1.0,0.52148473
1.0,0.50646937
1.0,0.6562862
1.0,0.30230612
0.0,0.16753806
1.0,0.541832
0.0,0.3135043
1.0,0.7251473
0.0,0.44639936
1.0,0.7379441
0.0,0.5638833
0.0,0.6800536
1.0,0.6185875
1.0,0.6290298
0.0,0.54202473
0.0,0.25323865
1.0,0.7514633
0.0,0.4498819
0.0,0.30933285
0.0,0.66667134
1.0,0.33950987
0.0,0.4697962
1.0,0.7944114
1.0,0.40778995
1.0,0.44084644
1.0,0.54324144
0.0,0.44081858
1.0,0.5220944
0.0,0.5703402
1.0,0.42730725
0.0,0.23147021
0.0,0.5228804
0.0,0.5021135
0.0,0.26916978
1.0,0.66009736
0.0,0.46613404
0.0,0.21407896
0.0,0.33327103
0.0,0.43933085
0.0,0.2975582
0.0,0.42058158
1.0,0.40781268
1.0,0.5648165
1.0,0.61304426
0.0,0.4088073
0.0,0.5880753
0.0,0.3378848
1.0,0.61448187
1.0,0.8329173
1.0,0.3647437
0.0,0.53103757
0.0,0.3807317
0.0,0.625319
1.0,0.47170016
0.0,0.3167313
1.0,0.85606325
1.0,0.67961776
1.0,0.6068404
1.0,0.48076147
0.0,0.28710946
0.0,0.3792775
0.0,0.368371
1.0,0.52243125
0.0,0.5607537
1.0,0.40713385
0.0,0.46238047
1.0,0.35661793
0.0,0.5670412
1.0,0.58038664
0.0,0.20905107
0.0,0.4264052
0.0,0.2166537
1.0,0.45770124
1.0,0.5454779
1.0,0.4629794
0.0,0.23909514
0.0,0.19804655
0.0,0.23028673
1.0,0.7355058
0.0,0.5262525
0.0,0.5088742
0.0,0.43764758
1.0,0.819823
1.0,0.19297932
1.0,0.66007215
0.0,0.5817673
0.0,0.22023398
0.0,0.3303318
0.0,0.16407242
1.0,0.23709959
0.0,0.24164157
0.0,0.5593268
1.0,0.46579835
1.0,0.6320786
1.0,0.32417548
0.0,0.46285805
1.0,0.39639372
0.0,0.49703896
1.0,0.40832326
1.0,0.3607599
1.0,0.41159302
1.0,0.30126515
1.0,0.5106794
0.0,0.5259732
0.0,0.20234889
1.0,0.37345177
1.0,0.60469455
1.0,0.22138657
0.0,0.69702166
0.0,0.18815795
0.0,0.6664583
1.0,0.68544316
1.0,0.44186023
0.0,0.2595759
0.0,0.41485518
0.0,0.44781938
0.0,0.29938525
1.0,0.8321342
1.0,0.26203057
1.0,0.62445736
0.0,0.26881
0.0,0.30775037
0.0,0.48178113
1.0,0.40114647
0.0,0.1878582
0.0,0.4885553
0.0,0.43817088
1.0,0.4949898
1.0,0.47359857
0.0,0.42704505
0.0,0.18998028
0.0,0.50616866
1.0,0.5379763
0.0,0.6929064
1.0,0.5191417
0.0,0.31062979
1.0,0.56712556
0.0,0.43182197
0.0,0.50201046
0.0,0.22042197
1.0,0.37065935
1.0,0.46314135
1.0,0.37835422
1.0,0.6005173
0.0,0.43503654
0.0,0.15759586
1.0,0.39212647
1.0,0.48715135
1.0,0.43598104
0.0,0.50995487
1.0,0.46562847
0.0,0.7618337
1.0,0.56969607
1.0,0.46269426
1.0,0.2538498
0.0,0.34701082
0.0,0.5744125
0.0,0.45644608
1.0,0.36542943
1.0,0.41441295
0.0,0.49055085
1.0,0.46775293
0.0,0.12432657
0.0,0.29116756
0.0,0.6271778
0.0,0.641239
0.0,0.4658822
1.0,0.24456736
1.0,0.58686626
1.0,0.7314268
0.0,0.4931325
0.0,0.41792807
1.0,0.3691103
0.0,0.35998377
1.0,0.5118505
0.0,0.22908099
1.0,0.35213003
1.0,0.5357428
1.0,0.356948
1.0,0.70472
0.0,0.25664175
1.0,0.6740975
0.0,0.4689671
1.0,0.74037784
0.0,0.5109376
0.0,0.30723146
0.0,0.44303775
0.0,0.2521505
0.0,0.5132911
1.0,0.76835364
1.0,0.5168079
1.0,0.44068158
1.0,0.5506275
0.0,0.4358567
0.0,0.66554564
1.0,0.6875043
0.0,0.55898416
1.0,0.59617907
1.0,0.6405571
1.0,0.5218284
1.0,0.41875872
0.0,0.42058188
0.0,0.41672286
0.0,0.40247825
0.0,0.3061651
1.0,0.24390672
1.0,0.81766355
0.0,0.3981169
1.0,0.4461701
0.0,0.35689682
1.0,0.4497617
0.0,0.50771534
1.0,0.20078623
0.0,0.43602833
0.0,0.23409244
0.0,0.7206441
0.0,0.45495275
0.0,0.6924428
0.0,0.42416966
0.0,0.19695036
1.0,0.52911025
1.0,0.65617853
0.0,0.823973
1.0,0.7113453
1.0,0.5648633
1.0,0.23008047
0.0,0.25705445
1.0,0.42807397
1.0,0.32114297
1.0,0.7487085
1.0,0.67885715
1.0,0.77794564
0.0,0.40778473
0.0,0.5635265
1.0,0.52092355
1.0,0.6592158
0.0,0.3617285
0.0,0.47366455
1.0,0.57514185
1.0,0.67069006
1.0,0.42157835
0.0,0.36903566
0.0,0.18200856
0.0,0.6696466
1.0,0.45033765
0.0,0.43560982
0.0,0.44917822
1.0,0.645608
0.0,0.7681618
1.0,0.43281102
1.0,0.45234388
1.0,0.7804807
0.0,0.19076172
1.0,0.21260096
0.0,0.25570002
1.0,0.80668783
1.0,0.47020155
0.0,0.6570423
1.0,0.7850456
0.0,0.37376115
1.0,0.6930486
0.0,0.24376333
1.0,0.6403866
0.0,0.68387735
1.0,0.49328154
0.0,0.5659874
1.0,0.5133389
1.0,0.6525793
0.0,0.23637766
0.0,0.57383466
0.0,0.6464239
1.0,0.56926686
1.0,0.47435024
1.0,0.6374864
1.0,0.6273382
0.0,0.3549653
0.0,0.28211126
1.0,0.7097921
1.0,0.45521948
1.0,0.3044664
0.0,0.19442771
1.0,0.71247995
0.0,0.49568576
0.0,0.45827433
0.0,0.767324
0.0,0.64759445
0.0,0.58214116
0.0,0.19992483
0.0,0.23483814
0.0,0.5702539
1.0,0.23861341
1.0,0.35717556
0.0,0.35723913
1.0,0.6599838
1.0,0.18821022
1.0,0.49900794
1.0,0.7524521
0.0,0.33301526
0.0,0.25791463
0.0,0.39984336
1.0,0.6809345
0.0,0.6438559
1.0,0.2220815
1.0,0.75280595
0.0,0.3958153
0.0,0.5979809
0.0,0.570176
0.0,0.56661713
1.0,0.25664175
1.0,0.45684668
1.0,0.50466484
1.0,0.5779993
1.0,0.5255819
0.0,0.23024522
1.0,0.2082153
1.0,0.8729486
1.0,0.09671431
1.0,0.5690426
1.0,0.45525584
1.0,0.7759878
1.0,0.39426768
1.0,0.8026436
1.0,0.66513795
1.0,0.64439744
1.0,0.4572909
1.0,0.40325195
1.0,0.76114196
1.0,0.4001418
0.0,0.4452875
0.0,0.2398891
0.0,0.5027206
0.0,0.43688282
0.0,0.49770147
0.0,0.44239247
1.0,0.61446273
0.0,0.45031178
1.0,0.42444354
1.0,0.6010925
0.0,0.44358745
0.0,0.4579692
0.0,0.6320613
0.0,0.5477103
1.0,0.24957904
1.0,0.66575634
0.0,0.60591066
0.0,0.29327285
0.0,0.4349421
1.0,0.5243808
0.0,0.52385837
0.0,0.46510595
1.0,0.5523249
0.0,0.27639344
1.0,0.61856365
0.0,0.23349613
0.0,0.6849372
0.0,0.21270432
1.0,0.7670294
1.0,0.5822198
0.0,0.38652435
1.0,0.6930486
1.0,0.30940714
0.0,0.6337788
1.0,0.16670115
0.0,0.27886072
1.0,0.59552056
0.0,0.20169683
0.0,0.56112343
0.0,0.17579459
1.0,0.2248291
0.0,0.531292
0.0,0.44294286
0.0,0.7685942
0.0,0.6656452
1.0,0.19804655
1.0,0.40031466
1.0,0.604488
0.0,0.45955327
1.0,0.61822397
0.0,0.59380025
1.0,0.42244112
1.0,0.7450346
1.0,0.4029273
0.0,0.4530177
0.0,0.45036942
1.0,0.46089694
1.0,0.83248603
0.0,0.4447041
0.0,0.16216742
0.0,0.23226532
0.0,0.3743983
0.0,0.5721797
0.0,0.50730306
1.0,0.5629974
1.0,0.61880165
1.0,0.5371744
1.0,0.6519865
1.0,0.4938012
0.0,0.40778995
0.0,0.5389008
1.0,0.8236447
0.0,0.48089206
0.0,0.3792688
0.0,0.18911666
0.0,0.19065562
1.0,0.5434698
0.0,0.37040696
1.0,0.6667187
1.0,0.65550315
0.0,0.5046037
1.0,0.6433622
1.0,0.7425838
0.0,0.6142016
0.0,0.6176808
1.0,0.7989975
0.0,0.33220857
1.0,0.5750815
0.0,0.638615
1.0,0.4303969
1.0,0.6270376
0.0,0.45700797
1.0,0.6340677
1.0,0.48938888
0.0,0.5938313
0.0,0.19177915
0.0,0.23576237
0.0,0.21364607
1.0,0.37540877
1.0,0.64727247
1.0,0.42865354
1.0,0.24055225
0.0,0.28644666
0.0,0.15906516
1.0,0.61078113
1.0,0.6117017
1.0,0.33696273
0.0,0.49258187
0.0,0.6654334
1.0,0.69540125
1.0,0.7933243
0.0,0.35182917
0.0,0.5912173
0.0,0.50545913
0.0,0.68529093
1.0,0.7169216
0.0,0.43639705
1.0,0.5192445
1.0,0.7056221
0.0,0.316172
0.0,0.34920838
1.0,0.45656124
1.0,0.83032745
1.0,0.5391635
1.0,0.42704505
1.0,0.7475444
0.0,0.34421703
1.0,0.6308296
1.0,0.61615807
0.0,0.5432422
0.0,0.47995976
0.0,0.5802175
0.0,0.43945584
0.0,0.14712846
1.0,0.43800843
0.0,0.20624198
1.0,0.42908293
1.0,0.5885017
0.0,0.2680224
0.0,0.42974052
0.0,0.41071793
0.0,0.27701643
0.0,0.4001418
1.0,0.392465
1.0,0.4447041
1.0,0.5222095
1.0,0.5693814
0.0,0.5767292
0.0,0.23698767
1.0,0.4220617
0.0,0.5240667
0.0,0.673699
1.0,0.4082685
0.0,0.5243808
0.0,0.6318828
0.0,0.5998417
0.0,0.6122
1.0,0.5136358
1.0,0.6474175
1.0,0.28465748
1.0,0.64711154
0.0,0.38041398
1.0,0.5854627
1.0,0.44819933
1.0,0.6215836
0.0,0.59921294
0.0,0.8179906
0.0,0.19027457
0.0,0.6531725
0.0,0.43839583
1.0,0.6301354
1.0,0.38943297
0.0,0.5247705
0.0,0.46065417
1.0,0.3599105
1.0,0.58022326
1.0,0.82089275
0.0,0.20857859
1.0,0.7009559
0.0,0.51472217
0.0,0.5380987
0.0,0.51798373
0.0,0.48551536
1.0,0.50220764
0.0,0.35561457
0.0,0.49415657
0.0,0.506688
0.0,0.7297482
0.0,0.30530185
1.0,0.6481075
0.0,0.6261764
1.0,0.7314268
0.0,0.44388285
0.0,0.31716967
0.0,0.37761492
0.0,0.54817015
1.0,0.64295274
0.0,0.44363973
0.0,0.4881499
0.0,0.26351878
1.0,0.48214924
0.0,0.31869587
0.0,0.44639936
0.0,0.6267883
0.0,0.2068318
1.0,0.788065
0.0,0.69978464
0.0,0.37112075
1.0,0.5848336
0.0,0.33341303
1.0,0.45878598
0.0,0.42890254
1.0,0.6353004
1.0,0.46650422
0.0,0.31933782
1.0,0.44361824
0.0,0.17963682
1.0,0.80697083
1.0,0.7753452
1.0,0.64427143
0.0,0.56372607
1.0,0.79118353
1.0,0.4995254
0.0,0.2730469
0.0,0.56712556
1.0,0.555088
1.0,0.23489156
0.0,0.6124308
1.0,0.26233646
0.0,0.29717904
0.0,0.611577
0.0,0.44639936
1.0,0.52516854
0.0,0.3771209
0.0,0.3274485
1.0,0.68939126
1.0,0.597466
1.0,0.6094302
1.0,0.6190967
0.0,0.61795354
1.0,0.7808919
0.0,0.41064432
1.0,0.5629197
1.0,0.2080578
1.0,0.5269266
0.0,0.16646734
0.0,0.5162785
0.0,0.31819832
1.0,0.30790618
0.0,0.35981816
1.0,0.44571465
1.0,0.26379174
0.0,0.5907537
1.0,0.4700521
1.0,0.36552498
0.0,0.5398948
0.0,0.18753563
1.0,0.59475124
1.0,0.41191307
1.0,0.7640251
1.0,0.6167558
1.0,0.4001418
1.0,0.4124737
1.0,0.4499166
1.0,0.5661547
0.0,0.17877765
1.0,0.4296814
1.0,0.41426688
1.0,0.27439588
1.0,0.60931456
0.0,0.5262243
0.0,0.48918632
1.0,0.8251502
1.0,0.5867021
0.0,0.3965745
0.0,0.27070817
0.0,0.5340736
1.0,0.73044926
0.0,0.26754528
1.0,0.6584322
1.0,0.6429733
0.0,0.4585369
1.0,0.6901931
1.0,0.64602315
1.0,0.23471208
0.0,0.3852674
1.0,0.57519394
0.0,0.16992319
0.0,0.35371616
0.0,0.43989205
1.0,0.7737216
1.0,0.20096798
1.0,0.6291697
0.0,0.24924305
0.0,0.45429558
1.0,0.7619319
1.0,0.6380341
1.0,0.49258602
1.0,0.5818553
0.0,0.6727821
1.0,0.6668841
1.0,0.7199421
1.0,0.22528903
0.0,0.36133337
0.0,0.74518234
0.0,0.60321426
0.0,0.44277996
1.0,0.51030654
1.0,0.40279675
1.0,0.4676371
1.0,0.4788919
0.0,0.4025742
1.0,0.389453
0.0,0.27395305
0.0,0.40823442
1.0,0.3257134
1.0,0.31733447
1.0,0.87624526
1.0,0.64226097
0.0,0.17347486
0.0,0.18200856
0.0,0.20239165
0.0,0.8113695
1.0,0.59330285
1.0,0.47298017
1.0,0.4742587
0.0,0.2135668
1.0,0.87894976
1.0,0.39527225
0.0,0.19674729
1.0,0.57509583
0.0,0.43152
1.0,0.5593049
1.0,0.43617168
0.0,0.40859488
1.0,0.5822198
1.0,0.53679943
1.0,0.8055244
1.0,0.53501296
1.0,0.22107533
0.0,0.39958555
0.0,0.47312546
0.0,0.35588047
0.0,0.5142425
0.0,0.78499323
1.0,0.5047687
1.0,0.67860377
1.0,0.43136725
1.0,0.703046
1.0,0.8111362
1.0,0.68782276
0.0,0.55342746
0.0,0.36471328
0.0,0.19142248
0.0,0.3635872
0.0,0.16530494
1.0,0.2103448
0.0,0.5770235
1.0,0.63279057
1.0,0.53573656
0.0,0.45828018
1.0,0.59437996
1.0,0.46787962
1.0,0.4222682
0.0,0.29928008
0.0,0.4108604
0.0,0.53386766
0.0,0.69916844
0.0,0.39165404
0.0,0.29220408
0.0,0.19868268
0.0,0.2498628
0.0,0.44639936
1.0,0.5212644
1.0,0.7801102
1.0,0.32584336
1.0,0.58385885
1.0,0.40387967
0.0,0.29392466
0.0,0.2142149
0.0,0.38095224
0.0,0.71317995
1.0,0.61367697
0.0,0.69872844
0.0,0.6492167
1.0,0.44294286
1.0,0.5678417
0.0,0.53534275
0.0,0.48393428
1.0,0.47446582
0.0,0.5284681
1.0,0.38227507
0.0,0.19405466
0.0,0.8179906
0.0,0.32752597
0.0,0.41971177
0.0,0.56712556
1.0,0.5646328
1.0,0.56712556
0.0,0.2755809
1.0,0.40204564
1.0,0.5469439
1.0,0.32462466
1.0,0.62122166
0.0,0.44500813
0.0,0.65277964
0.0,0.40270448
1.0,0.2605177
0.0,0.4452078
1.0,0.5797593
0.0,0.27677286
0.0,0.37992457
1.0,0.53174305
0.0,0.48642787
0.0,0.4643855
0.0,0.60149246
1.0,0.7355058
1.0,0.7532207
0.0,0.20368776
1.0,0.5720741
0.0,0.6731394
1.0,0.7123644
0.0,0.50892115
1.0,0.7160291
0.0,0.35306296
0.0,0.17977808
0.0,0.50888383
0.0,0.46946368
1.0,0.5576186
1.0,0.5251227
0.0,0.18489352
0.0,0.19073719
1.0,0.6907232
0.0,0.70594573
1.0,0.5257083
1.0,0.5425899
0.0,0.45128644
1.0,0.3792688
1.0,0.6340677
1.0,0.534849
1.0,0.3795748
1.0,0.6000729
0.0,0.20337775
1.0,0.5793493
0.0,0.36049324
0.0,0.6108145
1.0,0.5955007
0.0,0.5142425
1.0,0.73290426
1.0,0.5839744
1.0,0.34578142
0.0,0.38714176
0.0,0.40983084
1.0,0.5234523
0.0,0.24729717
1.0,0.7958769
1.0,0.4054644
0.0,0.55969334
1.0,0.73404855
0.0,0.20344873
1.0,0.63339484
1.0,0.41856465
0.0,0.6131301
1.0,0.7197486
0.0,0.341308
1.0,0.57230943
1.0,0.5600351
0.0,0.48980522
1.0,0.6092442
0.0,0.5926738
0.0,0.4575318
0.0,0.3142785
1.0,0.44668227
0.0,0.37059182
1.0,0.5429745
1.0,0.70136535
1.0,0.46510595
0.0,0.3023998
0.0,0.53719723
0.0,0.5724821
0.0,0.79862404
0.0,0.4150297
0.0,0.69994694
1.0,0.55308235
0.0,0.27933767
0.0,0.25347367
0.0,0.31396958
1.0,0.8283457
0.0,0.2516594
1.0,0.45101255
1.0,0.7684511
0.0,0.3713189
0.0,0.2809221
0.0,0.60401493
0.0,0.34537998
0.0,0.23384897
1.0,0.46794435
1.0,0.56127065
1.0,0.69232666
1.0,0.6126926
1.0,0.37501612
0.0,0.6212393
0.0,0.17205408
0.0,0.62579817
0.0,0.18793747
0.0,0.45202786
0.0,0.48646194
0.0,0.62012064
0.0,0.3617285
1.0,0.6464239
1.0,0.41672286
0.0,0.60127753
0.0,0.4130555
0.0,0.3956434
1.0,0.5254091
1.0,0.1946934
1.0,0.3614466
0.0,0.51415575
0.0,0.30790618
1.0,0.73284644
0.0,0.47086644
0.0,0.4466862
1.0,0.7569656
1.0,0.54642993
0.0,0.5824718
1.0,0.49223548
0.0,0.44892585
0.0,0.7130127
1.0,0.7166498
1.0,0.40749946
1.0,0.6403055
1.0,0.71305287
0.0,0.5381526
1.0,0.60154694
1.0,0.6063823
1.0,0.2910806
0.0,0.28849754
0.0,0.61508363
1.0,0.46011326
1.0,0.5299172
1.0,0.67367315
1.0,0.47039744
1.0,0.63505304
1.0,0.54551053
1.0,0.44896263
1.0,0.41424087
1.0,0.42058188
0.0,0.24596564
0.0,0.50344956
1.0,0.55342746
0.0,0.4501499
0.0,0.64545447
1.0,0.771726
0.0,0.61497533
1.0,0.80757624
1.0,0.56882924
1.0,0.16554736
0.0,0.3761203
0.0,0.21012278
1.0,0.2342002
1.0,0.80070376
1.0,0.60910344
1.0,0.62079686
0.0,0.17652977
1.0,0.5103688
1.0,0.6403494
0.0,0.75972384
1.0,0.5855779
1.0,0.64844817
1.0,0.26133788
0.0,0.6734811
0.0,0.5054173
1.0,0.52057433
1.0,0.52185
1.0,0.5274018
0.0,0.21532544
1.0,0.64295274
0.0,0.38047323
1.0,0.6396815
1.0,0.40401575
1.0,0.60943455
1.0,0.4109214
1.0,0.61748004
1.0,0.20222642
1.0,0.40259755
0.0,0.66484255
1.0,0.45494333
1.0,0.37161306
0.0,0.41238886
1.0,0.6361755
1.0,0.5525522
0.0,0.4955304
1.0,0.65320235
1.0,0.5346219
1.0,0.4342858
0.0,0.52415574
0.0,0.46581545
0.0,0.6277683
0.0,0.3117754
0.0,0.6121625
0.0,0.49084955
1.0,0.5660002
1.0,0.75057495
0.0,0.5073338
0.0,0.38478667
0.0,0.41121984
0.0,0.6635992
0.0,0.25251314
0.0,0.18970834
0.0,0.36898986
1.0,0.4212813
1.0,0.5531724
0.0,0.24502444
1.0,0.5820832
0.0,0.2290451
1.0,0.51512307
0.0,0.22378701
1.0,0.6317632
0.0,0.35023403
0.0,0.53771174
0.0,0.5686697
0.0,0.2380679
0.0,0.6127932
0.0,0.3639243
1.0,0.67609215
0.0,0.17497803
1.0,0.51090693
0.0,0.19331068
1.0,0.4367801
1.0,0.625568
0.0,0.48409924
1.0,0.55509466
0.0,0.48668134
0.0,0.20329037
0.0,0.5955007
1.0,0.5741239
1.0,0.8014519
1.0,0.7426223
0.0,0.19834417
1.0,0.72385216
0.0,0.49442416
0.0,0.30519065
1.0,0.69427496
0.0,0.1567424
0.0,0.568444
0.0,0.18049999
1.0,0.6440674
0.0,0.58092076
1.0,0.5740999
0.0,0.7423135
1.0,0.66513795
0.0,0.5402254
1.0,0.265456
1.0,0.2929223
0.0,0.6599956
1.0,0.38855183
0.0,0.5777553
0.0,0.44817322
0.0,0.567213
1.0,0.76595414
0.0,0.21125555
0.0,0.51090693
0.0,0.4001418
0.0,0.40737176
0.0,0.30023152
1.0,0.6418173
0.0,0.37534884
1.0,0.59421366
1.0,0.7160686
0.0,0.46389225
1.0,0.49903032
0.0,0.36330056
0.0,0.44277996
1.0,0.4316489
1.0,0.38310784
1.0,0.41672286
1.0,0.82009685
1.0,0.6509314
1.0,0.6608226
0.0,0.23882745
1.0,0.17693876
0.0,0.3684903
0.0,0.20308724
1.0,0.63695234
0.0,0.71682626
1.0,0.26990005
0.0,0.6009342
0.0,0.4053485
1.0,0.54698485
0.0,0.34838605
0.0,0.35594523
0.0,0.2432773
0.0,0.4663477
1.0,0.65797
0.0,0.37565693
0.0,0.28935283
1.0,0.58814406
1.0,0.63476986
1.0,0.6504405
0.0,0.47515652
1.0,0.48451248
1.0,0.5892367
0.0,0.451308
1.0,0.40515321
1.0,0.71409565
1.0,0.40549296
0.0,0.5373684
0.0,0.46703207
0.0,0.53035265
1.0,0.5448329
1.0,0.61414254
0.0,0.24862859
0.0,0.20519663
1.0,0.65511155
0.0,0.52587885
0.0,0.5251504
1.0,0.45114607
1.0,0.5432992
0.0,0.5736316
1.0,0.65469956
1.0,0.6028375
0.0,0.5554357
1.0,0.31931642
1.0,0.65316385
1.0,0.37549588
1.0,0.8031954
1.0,0.52207184
1.0,0.36935925
1.0,0.7062582
1.0,0.6318828
1.0,0.21113472
0.0,0.34483045
0.0,0.44809896
0.0,0.25596038
0.0,0.19306631
0.0,0.2427362
0.0,0.49491632
0.0,0.5020037
0.0,0.6137491
1.0,0.6343303
0.0,0.38640925
1.0,0.558284
1.0,0.4438563
1.0,0.438739
0.0,0.18837643
0.0,0.45264816
0.0,0.63019687
0.0,0.53153795
0.0,0.64345914
1.0,0.2840738
0.0,0.273941
1.0,0.26282546
0.0,0.5993437
1.0,0.69533294
0.0,0.5036296
1.0,0.38368618
0.0,0.25186786
0.0,0.5632822
0.0,0.19548759
0.0,0.3569321
1.0,0.50633043
1.0,0.51441365
0.0,0.4171604
1.0,0.70672923
1.0,0.6673643
1.0,0.3140208
1.0,0.64583486
1.0,0.52195823
0.0,0.44639936
0.0,0.50060934
0.0,0.5274204
1.0,0.7658531
0.0,0.3362979
1.0,0.7018176
0.0,0.5432992
1.0,0.38023058
0.0,0.6485365
0.0,0.20557673
1.0,0.62115026
1.0,0.35494217
1.0,0.7500203
0.0,0.28430825
0.0,0.50738436
0.0,0.45781168
0.0,0.46438038
1.0,0.6671314
1.0,0.7858565
1.0,0.46371007
0.0,0.50056744
1.0,0.5270115
0.0,0.23201919
0.0,0.52421767
0.0,0.5133389
1.0,0.56127065
0.0,0.275825
1.0,0.60188645
0.0,0.44880342
1.0,0.4892646
1.0,0.3083434
1.0,0.6266112
1.0,0.49972346
0.0,0.3309404
1.0,0.6089151
0.0,0.2382689
1.0,0.8016286
1.0,0.7293192
1.0,0.71134347
1.0,0.57120377
1.0,0.41200387
1.0,0.6330491
1.0,0.68653893
0.0,0.1852596
0.0,0.650337
1.0,0.65978444
1.0,0.56200325
1.0,0.6192742
1.0,0.6476109
1.0,0.5624623
1.0,0.41465458
1.0,0.24516045
1.0,0.6340189
1.0,0.6005279
0.0,0.28492633
1.0,0.62312967
0.0,0.50226736
0.0,0.34135538
1.0,0.56926686
1.0,0.26990005
1.0,0.61461335
0.0,0.48320037
0.0,0.56712556
0.0,0.6119042
0.0,0.3582634
0.0,0.4610423
1.0,0.7037117
1.0,0.4598365
1.0,0.55334425
1.0,0.79118353
0.0,0.80757624
0.0,0.17203364
0.0,0.5301391
1.0,0.69905114
0.0,0.35341638
1.0,0.6438559
1.0,0.5634641
1.0,0.7972029
1.0,0.50513065
0.0,0.56094486
0.0,0.45429558
1.0,0.5419572
1.0,0.4561007
0.0,0.24759524
0.0,0.557408
1.0,0.45078838
1.0,0.63487494
0.0,0.43181193
0.0,0.43065685
0.0,0.5517368
0.0,0.6156772
0.0,0.661567
1.0,0.1802711
1.0,0.58799976
0.0,0.15502681
0.0,0.1772302
1.0,0.54698485
0.0,0.6375627
0.0,0.2227034
0.0,0.28659955
1.0,0.6075222
0.0,0.51956713
0.0,0.31691244
1.0,0.7531712
0.0,0.24726565
0.0,0.3965745
0.0,0.40778995
1.0,0.77578497
1.0,0.59544
0.0,0.29661295
0.0,0.41787532
0.0,0.47053176
1.0,0.5542071
0.0,0.4568639
1.0,0.68882537
1.0,0.46555984
0.0,0.30276906
1.0,0.6256791
0.0,0.6087549
0.0,0.41554052
0.0,0.6643042
1.0,0.7867738
1.0,0.527239
1.0,0.81595266
1.0,0.70088947
1.0,0.43130162
1.0,0.42645484
1.0,0.4499166
0.0,0.39484972
0.0,0.6309338
0.0,0.18992643
1.0,0.42943257
0.0,0.57842255
0.0,0.48735818
1.0,0.31583452
0.0,0.44712773
0.0,0.5073893
0.0,0.22242819
0.0,0.2468799
0.0,0.46024594
0.0,0.6978389
0.0,0.561441
1.0,0.629003
0.0,0.22112545
0.0,0.4586011
1.0,0.52670556
1.0,0.642641
1.0,0.6901515
1.0,0.620545
0.0,0.19739254
0.0,0.48529088
0.0,0.4885301
0.0,0.5535896
1.0,0.17924239
1.0,0.5715604
0.0,0.583793
1.0,0.45966306
1.0,0.79120123
0.0,0.41161928
1.0,0.8155347
1.0,0.5998076
1.0,0.73860806
1.0,0.30790618
1.0,0.3634261
1.0,0.733393
0.0,0.6150441
0.0,0.20884427
1.0,0.775163
0.0,0.4466539
0.0,0.2256881
1.0,0.63293415
0.0,0.45467976
1.0,0.7333604
0.0,0.5593049
0.0,0.2313323
1.0,0.28897083
0.0,0.4663758
1.0,0.37062368
0.0,0.46794435
0.0,0.43494624
0.0,0.47995976
0.0,0.2529748
1.0,0.79573226
0.0,0.49226737
1.0,0.43114167
1.0,0.3092269
1.0,0.3984175
1.0,0.40325195
0.0,0.2755321
1.0,0.4063784
0.0,0.7908569
0.0,0.31063747
1.0,0.20025064
1.0,0.65740496
1.0,0.68862903
1.0,0.4241242
1.0,0.57897216
0.0,0.5018442
0.0,0.64158803
1.0,0.4080182
0.0,0.57722133
0.0,0.41095167
1.0,0.50870204
0.0,0.4674117
0.0,0.65900904
1.0,0.16010016
1.0,0.7981703
0.0,0.42809916
0.0,0.5434415
0.0,0.44314298
0.0,0.42180008
0.0,0.5142425
1.0,0.1776779
0.0,0.26211432
1.0,0.46056676
0.0,0.27248806
0.0,0.62739456
1.0,0.45004603
1.0,0.45114607
0.0,0.44608286
1.0,0.5523249
1.0,0.55421513
1.0,0.4040847
0.0,0.28134602
0.0,0.46296698
0.0,0.4265006
1.0,0.6352556
0.0,0.5854684
0.0,0.6870684
0.0,0.51090693
0.0,0.69427496
0.0,0.22356354
0.0,0.5787092
0.0,0.3606075
1.0,0.49518633
1.0,0.3892277
1.0,0.6570058
1.0,0.45237955
0.0,0.62052333
0.0,0.57805794
0.0,0.66069186
1.0,0.2713036
1.0,0.6185655
0.0,0.3907686
1.0,0.5778562
1.0,0.6879098
0.0,0.2797901
1.0,0.60871
0.0,0.4613188
1.0,0.58700573
0.0,0.44875097
0.0,0.31931642
1.0,0.5986377
0.0,0.20424563
1.0,0.5654328
1.0,0.41657436
1.0,0.63363934
0.0,0.552981
1.0,0.4800981
1.0,0.6464515
1.0,0.43364224
1.0,0.5834061
1.0,0.66997164
1.0,0.3125945
1.0,0.20743214
0.0,0.3185849
1.0,0.68560064
0.0,0.73151857
1.0,0.6203301
1.0,0.516202
0.0,0.6151921
0.0,0.4202899
1.0,0.71099746
0.0,0.3814251
0.0,0.46564066
0.0,0.56680256
0.0,0.46064463
0.0,0.44478983
0.0,0.34391016
1.0,0.58737946
0.0,0.62113327
0.0,0.41869083
1.0,0.31998685
1.0,0.49315223
0.0,0.5717049
0.0,0.54046875
0.0,0.4416991
1.0,0.60060936
1.0,0.5582032
0.0,0.4141612
1.0,0.27211413
1.0,0.7619319
1.0,0.44639936
0.0,0.23148778
1.0,0.7683947
1.0,0.7112125
1.0,0.7317056
1.0,0.5264724
1.0,0.8702982
0.0,0.74372345
0.0,0.3496688
1.0,0.47952858
0.0,0.44221118
0.0,0.35196474
0.0,0.58637595
0.0,0.5576186
1.0,0.6011184
1.0,0.527119
1.0,0.73366356
0.0,0.44639936
0.0,0.24479485
1.0,0.44758788
1.0,0.742806
1.0,0.5782533
1.0,0.57340527
1.0,0.45382783
1.0,0.2889689
0.0,0.554493
1.0,0.520291
1.0,0.7272672
1.0,0.6278964
1.0,0.6694595
1.0,0.5862598
1.0,0.4475874
1.0,0.6185655
1.0,0.31709972
0.0,0.39941937
0.0,0.50721574
1.0,0.80854005
0.0,0.57698554
0.0,0.64328825
0.0,0.6657058
0.0,0.6169453
1.0,0.48540246
1.0,0.6308571
1.0,0.7514475
1.0,0.8290104
0.0,0.5255254
1.0,0.6924113
0.0,0.18164727
1.0,0.61754113
0.0,0.67180246
0.0,0.46192226
0.0,0.26631445
0.0,0.23081417
0.0,0.21246682
0.0,0.6079229
0.0,0.62622845
0.0,0.13174677
0.0,0.33994898
1.0,0.518301
0.0,0.19209038
0.0,0.49415657
1.0,0.6875032
0.0,0.4336921
0.0,0.3121238
0.0,0.41487166
0.0,0.39210477
0.0,0.52007306
0.0,0.26646337
1.0,0.790155
